structure(list(SeriesCode = c("AD03RC", "AD03RC", "AD03RC", "AD03RC", 
"AD03RC", "AD03RC", "AD03RC", "AD03RC", "AD03RC", "AD03RC", "AD03RC", 
"AD03RC", "AD03RC", "AD03RC", "AD03RC", "AD03RC", "AD03RC", "AD03RC", 
"AD03RC", "AD03RC", "AD03RC", "AD03RC", "AD03RC", "AD03RC", "AD03RC", 
"AD03RC", "AD03RC", "AD03RC", "AD03RC", "AD03RC", "AD03RC", "AD03RC", 
"AD03RC", "AD03RC", "AD03RC", "AD03RC", "AD03RC", "AD03RC", "AD03RC", 
"AD03RC", "AD03RC", "AD03RC", "AD03RC", "AD03RC", "AD03RC", "AD03RC", 
"AD03RC", "AD03RC", "AD03RC", "AD03RC", "AD03RC", "AD03RC", "AD03RC", 
"AD03RC", "AD03RC", "AD03RC", "AD03RC", "AD03RC", "AD03RC", "AD03RC", 
"AD03RC", "AD03RC", "AD03RC", "AD03RC", "AD03RC", "AD03RC", "AD03RC", 
"AD03RC", "AD03RC", "AD03RC", "AD03RC", "AD03RC", "AD03RC", "AD03RC", 
"AD03RC", "AD03RC", "AD03RC", "AD03RC", "AD03RC", "AD03RC", "AD03RC", 
"AD03RC", "AD03RC", "AD03RC", "AD03RC", "AD03RC", "AD03RC", "AD03RC", 
"AD03RC", "AD03RC", "AD03RC", "AD03RC", "AD03RC", "AD03RC", "AD03RC", 
"AD03RC", "AD03RC", "AD03RC", "AD03RC", "AD03RC", "AD03RC", "AD03RC", 
"AD03RC", "AD03RC", "AD03RC", "AD03RC", "AD03RC", "AD03RC", "AD03RC", 
"AD03RC", "AD03RC", "AD03RC", "AD03RC", "AD03RC", "AD03RC", "AD03RC", 
"AD03RC", "AD03RC", "AD03RC", "AD03RC", "AD03RC", "AD03RC", "AD03RC", 
"AD03RC", "AD03RC", "AD03RC", "AD03RC", "AD03RC", "AD03RC", "AD03RC", 
"AD03RC", "AD03RC", "AD03RC", "AD03RC", "AD03RC", "AD03RC", "AD03RC", 
"AD03RC", "AD03RC", "AD03RC", "AD03RC", "AD03RC", "AD03RC", "AD03RC", 
"AD03RC", "AD03RC", "AD03RC", "AD03RC", "AD03RC", "AD03RC", "AD03RC", 
"AD03RC", "AD03RC", "AD03RC", "AD03RC", "AD03RC", "AD03RC", "AD03RC", 
"AD03RC", "AD03RC", "AD03RC", "AD03RC", "AD03RC", "AD03RC", "AD03RC", 
"AD03RC", "AD03RC", "AD03RC", "AD03RC", "AD03RC", "AD03RC", "AD03RC", 
"AD03RC", "AD03RC", "AD03RC", "AD03RC", "AD03RC", "AD03RC", "AD03RC", 
"AD03RC", "AD03RC", "AD03RC", "AD03RC", "AD03RC", "AD03RC", "AD03RC", 
"AD03RC", "AD03RC", "AD03RC", "AD03RC", "AD03RC", "AD03RC", "AD03RC", 
"AD03RC", "AD03RC", "AD03RC", "AD03RC", "AD03RC", "AD03RC", "AD03RC"
), TimePeriod = c("1972Q4", "1973Q1", "1973Q2", "1973Q3", "1973Q4", 
"1974Q1", "1974Q2", "1974Q3", "1974Q4", "1975Q1", "1975Q2", "1975Q3", 
"1975Q4", "1976Q1", "1976Q2", "1976Q3", "1976Q4", "1977Q1", "1977Q2", 
"1977Q3", "1977Q4", "1978Q1", "1978Q2", "1978Q3", "1978Q4", "1979Q1", 
"1979Q2", "1979Q3", "1979Q4", "1980Q1", "1980Q2", "1980Q3", "1980Q4", 
"1981Q1", "1981Q2", "1981Q3", "1981Q4", "1982Q1", "1982Q2", "1982Q3", 
"1982Q4", "1983Q1", "1983Q2", "1983Q3", "1983Q4", "1984Q1", "1984Q2", 
"1984Q3", "1984Q4", "1985Q1", "1985Q2", "1985Q3", "1985Q4", "1986Q1", 
"1986Q2", "1986Q3", "1986Q4", "1987Q1", "1987Q2", "1987Q3", "1987Q4", 
"1988Q1", "1988Q2", "1988Q3", "1988Q4", "1989Q1", "1989Q2", "1989Q3", 
"1989Q4", "1990Q1", "1990Q2", "1990Q3", "1990Q4", "1991Q1", "1991Q2", 
"1991Q3", "1991Q4", "1992Q1", "1992Q2", "1992Q3", "1992Q4", "1993Q1", 
"1993Q2", "1993Q3", "1993Q4", "1994Q1", "1994Q2", "1994Q3", "1994Q4", 
"1995Q1", "1995Q2", "1995Q3", "1995Q4", "1996Q1", "1996Q2", "1996Q3", 
"1996Q4", "1997Q1", "1997Q2", "1997Q3", "1997Q4", "1998Q1", "1998Q2", 
"1998Q3", "1998Q4", "1999Q1", "1999Q2", "1999Q3", "1999Q4", "2000Q1", 
"2000Q2", "2000Q3", "2000Q4", "2001Q1", "2001Q2", "2001Q3", "2001Q4", 
"2002Q1", "2002Q2", "2002Q3", "2002Q4", "2003Q1", "2003Q2", "2003Q3", 
"2003Q4", "2004Q1", "2004Q2", "2004Q3", "2004Q4", "2005Q1", "2005Q2", 
"2005Q3", "2005Q4", "2006Q1", "2006Q2", "2006Q3", "2006Q4", "2007Q1", 
"2007Q2", "2007Q3", "2007Q4", "2008Q1", "2008Q2", "2008Q3", "2008Q4", 
"2009Q1", "2009Q2", "2009Q3", "2009Q4", "2010Q1", "2010Q2", "2010Q3", 
"2010Q4", "2011Q1", "2011Q2", "2011Q3", "2011Q4", "2012Q1", "2012Q2", 
"2012Q3", "2012Q4", "2013Q1", "2013Q2", "2013Q3", "2013Q4", "2014Q1", 
"2014Q2", "2014Q3", "2014Q4", "2015Q1", "2015Q2", "2015Q3", "2015Q4", 
"2016Q1", "2016Q2", "2016Q3", "2016Q4", "2017Q1", "2017Q2", "2017Q3", 
"2017Q4", "2018Q1", "2018Q2", "2018Q3", "2018Q4", "2019Q1", "2019Q2", 
"2019Q3", "2019Q4", "2020Q1", "2020Q2", "2020Q3", "2020Q4", "2021Q1", 
"2021Q2", "2021Q3", "2021Q4", "2022Q1", "2022Q2", "2022Q3"), 
    date = structure(c(1065, 1155, 1247, 1339, 1430, 1520, 1612, 
    1704, 1795, 1885, 1977, 2069, 2160, 2251, 2343, 2435, 2526, 
    2616, 2708, 2800, 2891, 2981, 3073, 3165, 3256, 3346, 3438, 
    3530, 3621, 3712, 3804, 3896, 3987, 4077, 4169, 4261, 4352, 
    4442, 4534, 4626, 4717, 4807, 4899, 4991, 5082, 5173, 5265, 
    5357, 5448, 5538, 5630, 5722, 5813, 5903, 5995, 6087, 6178, 
    6268, 6360, 6452, 6543, 6634, 6726, 6818, 6909, 6999, 7091, 
    7183, 7274, 7364, 7456, 7548, 7639, 7729, 7821, 7913, 8004, 
    8095, 8187, 8279, 8370, 8460, 8552, 8644, 8735, 8825, 8917, 
    9009, 9100, 9190, 9282, 9374, 9465, 9556, 9648, 9740, 9831, 
    9921, 10013, 10105, 10196, 10286, 10378, 10470, 10561, 10651, 
    10743, 10835, 10926, 11017, 11109, 11201, 11292, 11382, 11474, 
    11566, 11657, 11747, 11839, 11931, 12022, 12112, 12204, 12296, 
    12387, 12478, 12570, 12662, 12753, 12843, 12935, 13027, 13118, 
    13208, 13300, 13392, 13483, 13573, 13665, 13757, 13848, 13939, 
    14031, 14123, 14214, 14304, 14396, 14488, 14579, 14669, 14761, 
    14853, 14944, 15034, 15126, 15218, 15309, 15400, 15492, 15584, 
    15675, 15765, 15857, 15949, 16040, 16130, 16222, 16314, 16405, 
    16495, 16587, 16679, 16770, 16861, 16953, 17045, 17136, 17226, 
    17318, 17410, 17501, 17591, 17683, 17775, 17866, 17956, 18048, 
    18140, 18231, 18322, 18414, 18506, 18597, 18687, 18779, 18871, 
    18962, 19052, 19144, 19236), class = "Date"),