structure(list(TimePeriod = c("1960Q1", "1960Q2", "1960Q3", "1960Q4", 
"1961Q1", "1961Q2", "1961Q3", "1961Q4", "1962Q1", "1962Q2", "1962Q3", 
"1962Q4", "1963Q1", "1963Q2", "1963Q3", "1963Q4", "1964Q1", "1964Q2", 
"1964Q3", "1964Q4", "1965Q1", "1965Q2", "1965Q3", "1965Q4", "1966Q1", 
"1966Q2", "1966Q3", "1966Q4", "1967Q1", "1967Q2", "1967Q3", "1967Q4", 
"1968Q1", "1968Q2", "1968Q3", "1968Q4", "1969Q1", "1969Q2", "1969Q3", 
"1969Q4", "1970Q1", "1970Q2", "1970Q3", "1970Q4", "1971Q1", "1971Q2", 
"1971Q3", "1971Q4", "1972Q1", "1972Q2", "1972Q3", "1972Q4", "1973Q1", 
"1973Q2", "1973Q3", "1973Q4", "1974Q1", "1974Q2", "1974Q3", "1974Q4", 
"1975Q1", "1975Q2", "1975Q3", "1975Q4", "1976Q1", "1976Q2", "1976Q3", 
"1976Q4", "1977Q1", "1977Q2", "1977Q3", "1977Q4", "1978Q1", "1978Q2", 
"1978Q3", "1978Q4", "1979Q1", "1979Q2", "1979Q3", "1979Q4", "1980Q1", 
"1980Q2", "1980Q3", "1980Q4", "1981Q1", "1981Q2", "1981Q3", "1981Q4", 
"1982Q1", "1982Q2", "1982Q3", "1982Q4", "1983Q1", "1983Q2", "1983Q3", 
"1983Q4", "1984Q1", "1984Q2", "1984Q3", "1984Q4", "1985Q1", "1985Q2", 
"1985Q3", "1985Q4", "1986Q1", "1986Q2", "1986Q3", "1986Q4", "1987Q1", 
"1987Q2", "1987Q3", "1987Q4", "1988Q1", "1988Q2", "1988Q3", "1988Q4", 
"1989Q1", "1989Q2", "1989Q3", "1989Q4", "1990Q1", "1990Q2", "1990Q3", 
"1990Q4", "1991Q1", "1991Q2", "1991Q3", "1991Q4", "1992Q1", "1992Q2", 
"1992Q3", "1992Q4", "1993Q1", "1993Q2", "1993Q3", "1993Q4", "1994Q1", 
"1994Q2", "1994Q3", "1994Q4", "1995Q1", "1995Q2", "1995Q3", "1995Q4", 
"1996Q1", "1996Q2", "1996Q3", "1996Q4", "1997Q1", "1997Q2", "1997Q3", 
"1997Q4", "1998Q1", "1998Q2", "1998Q3", "1998Q4", "1999Q1", "1999Q2", 
"1999Q3", "1999Q4", "2000Q1", "2000Q2", "2000Q3", "2000Q4", "2001Q1", 
"2001Q2", "2001Q3", "2001Q4", "2002Q1", "2002Q2", "2002Q3", "2002Q4", 
"2003Q1", "2003Q2", "2003Q3", "2003Q4", "2004Q1", "2004Q2", "2004Q3", 
"2004Q4", "2005Q1", "2005Q2", "2005Q3", "2005Q4", "2006Q1", "2006Q2", 
"2006Q3", "2006Q4", "2007Q1", "2007Q2", "2007Q3", "2007Q4", "2008Q1", 
"2008Q2", "2008Q3", "2008Q4", "2009Q1", "2009Q2", "2009Q3", "2009Q4", 
"2010Q1", "2010Q2", "2010Q3", "2010Q4", "2011Q1", "2011Q2", "2011Q3", 
"2011Q4", "2012Q1", "2012Q2", "2012Q3", "2012Q4", "2013Q1", "2013Q2", 
"2013Q3", "2013Q4", "2014Q1", "2014Q2", "2014Q3", "2014Q4", "2015Q1", 
"2015Q2", "2015Q3", "2015Q4", "2016Q1", "2016Q2", "2016Q3", "2016Q4", 
"2017Q1", "2017Q2", "2017Q3", "2017Q4", "2018Q1", "2018Q2", "2018Q3", 
"2018Q4", "2019Q1", "2019Q2", "2019Q3", "2019Q4", "2020Q1", "2020Q2", 
"2020Q3", "2020Q4", "2021Q1", "2021Q2", "2021Q3", "2021Q4", "2022Q1", 
"2022Q2", "2022Q3", "1960Q1", "1960Q2", "1960Q3", "1960Q4", "1961Q1", 
"1961Q2", "1961Q3", "1961Q4", "1962Q1", "1962Q2", "1962Q3", "1962Q4", 
"1963Q1", "1963Q2", "1963Q3", "1963Q4", "1964Q1", "1964Q2", "1964Q3", 
"1964Q4", "1965Q1", "1965Q2", "1965Q3", "1965Q4", "1966Q1", "1966Q2", 
"1966Q3", "1966Q4", "1967Q1", "1967Q2", "1967Q3", "1967Q4", "1968Q1", 
"1968Q2", "1968Q3", "1968Q4", "1969Q1", "1969Q2", "1969Q3", "1969Q4", 
"1970Q1", "1970Q2", "1970Q3", "1970Q4", "1971Q1", "1971Q2", "1971Q3", 
"1971Q4", "1972Q1", "1972Q2", "1972Q3", "1972Q4", "1973Q1", "1973Q2", 
"1973Q3", "1973Q4", "1974Q1", "1974Q2", "1974Q3", "1974Q4", "1975Q1", 
"1975Q2", "1975Q3", "1975Q4", "1976Q1", "1976Q2", "1976Q3", "1976Q4", 
"1977Q1", "1977Q2", "1977Q3", "1977Q4", "1978Q1", "1978Q2", "1978Q3", 
"1978Q4", "1979Q1", "1979Q2", "1979Q3", "1979Q4", "1980Q1", "1980Q2", 
"1980Q3", "1980Q4", "1981Q1", "1981Q2", "1981Q3", "1981Q4", "1982Q1", 
"1982Q2", "1982Q3", "1982Q4", "1983Q1", "1983Q2", "1983Q3", "1983Q4", 
"1984Q1", "1984Q2", "1984Q3", "1984Q4", "1985Q1", "1985Q2", "1985Q3", 
"1985Q4", "1986Q1", "1986Q2", "1986Q3", "1986Q4", "1987Q1", "1987Q2", 
"1987Q3", "1987Q4", "1988Q1", "1988Q2", "1988Q3", "1988Q4", "1989Q1", 
"1989Q2", "1989Q3", "1989Q4", "1990Q1", "1990Q2", "1990Q3", "1990Q4", 
"1991Q1", "1991Q2", "1991Q3", "1991Q4", "1992Q1", "1992Q2", "1992Q3", 
"1992Q4", "1993Q1", "1993Q2", "1993Q3", "1993Q4", "1994Q1", "1994Q2", 
"1994Q3", "1994Q4", "1995Q1", "1995Q2", "1995Q3", "1995Q4", "1996Q1", 
"1996Q2", "1996Q3", "1996Q4", "1997Q1", "1997Q2", "1997Q3", "1997Q4", 
"1998Q1", "1998Q2", "1998Q3", "1998Q4", "1999Q1", "1999Q2", "1999Q3", 
"1999Q4", "2000Q1", "2000Q2", "2000Q3", "2000Q4", "2001Q1", "2001Q2", 
"2001Q3", "2001Q4", "2002Q1", "2002Q2", "2002Q3", "2002Q4", "2003Q1", 
"2003Q2", "2003Q3", "2003Q4", "2004Q1", "2004Q2", "2004Q3", "2004Q4", 
"2005Q1", "2005Q2", "2005Q3", "2005Q4", "2006Q1", "2006Q2", "2006Q3", 
"2006Q4", "2007Q1", "2007Q2", "2007Q3", "2007Q4", "2008Q1", "2008Q2", 
"2008Q3", "2008Q4", "2009Q1", "2009Q2", "2009Q3", "2009Q4", "2010Q1", 
"2010Q2", "2010Q3", "2010Q4", "2011Q1", "2011Q2", "2011Q3", "2011Q4", 
"2012Q1", "2012Q2", "2012Q3", "2012Q4", "2013Q1", "2013Q2", "2013Q3", 
"2013Q4", "2014Q1", "2014Q2", "2014Q3", "2014Q4", "2015Q1", "2015Q2", 
"2015Q3", "2015Q4", "2016Q1", "2016Q2", "2016Q3", "2016Q4", "2017Q1", 
"2017Q2", "2017Q3", "2017Q4", "2018Q1", "2018Q2", "2018Q3", "2018Q4", 
"2019Q1", "2019Q2", "2019Q3", "2019Q4", "2020Q1", "2020Q2", "2020Q3", 
"2020Q4", "2021Q1", "2021Q2", "2021Q3", "2021Q4", "2022Q1", "2022Q2", 
"2022Q3", "1960Q1", "1960Q2", "1960Q3", "1960Q4", "1961Q1", "1961Q2", 
"1961Q3", "1961Q4", "1962Q1", "1962Q2", "1962Q3", "1962Q4", "1963Q1", 
"1963Q2", "1963Q3", "1963Q4", "1964Q1", "1964Q2", "1964Q3", "1964Q4", 
"1965Q1", "1965Q2", "1965Q3", "1965Q4", "1966Q1", "1966Q2", "1966Q3", 
"1966Q4", "1967Q1", "1967Q2", "1967Q3", "1967Q4", "1968Q1", "1968Q2", 
"1968Q3", "1968Q4", "1969Q1", "1969Q2", "1969Q3", "1969Q4", "1970Q1", 
"1970Q2", "1970Q3", "1970Q4", "1971Q1", "1971Q2", "1971Q3", "1971Q4", 
"1972Q1", "1972Q2", "1972Q3", "1972Q4", "1973Q1", "1973Q2", "1973Q3", 
"1973Q4", "1974Q1", "1974Q2", "1974Q3", "1974Q4", "1975Q1", "1975Q2", 
"1975Q3", "1975Q4", "1976Q1", "1976Q2", "1976Q3", "1976Q4", "1977Q1", 
"1977Q2", "1977Q3", "1977Q4", "1978Q1", "1978Q2", "1978Q3", "1978Q4", 
"1979Q1", "1979Q2", "1979Q3", "1979Q4", "1980Q1", "1980Q2", "1980Q3", 
"1980Q4", "1981Q1", "1981Q2", "1981Q3", "1981Q4", "1982Q1", "1982Q2", 
"1982Q3", "1982Q4", "1983Q1", "1983Q2", "1983Q3", "1983Q4", "1984Q1", 
"1984Q2", "1984Q3", "1984Q4", "1985Q1", "1985Q2", "1985Q3", "1985Q4", 
"1986Q1", "1986Q2", "1986Q3", "1986Q4", "1987Q1", "1987Q2", "1987Q3", 
"1987Q4", "1988Q1", "1988Q2", "1988Q3", "1988Q4", "1989Q1", "1989Q2", 
"1989Q3", "1989Q4", "1990Q1", "1990Q2", "1990Q3", "1990Q4", "1991Q1", 
"1991Q2", "1991Q3", "1991Q4", "1992Q1", "1992Q2", "1992Q3", "1992Q4", 
"1993Q1", "1993Q2", "1993Q3", "1993Q4", "1994Q1", "1994Q2", "1994Q3", 
"1994Q4", "1995Q1", "1995Q2", "1995Q3", "1995Q4", "1996Q1", "1996Q2", 
"1996Q3", "1996Q4", "1997Q1", "1997Q2", "1997Q3", "1997Q4", "1998Q1", 
"1998Q2", "1998Q3", "1998Q4", "1999Q1", "1999Q2", "1999Q3", "1999Q4", 
"2000Q1", "2000Q2", "2000Q3", "2000Q4", "2001Q1", "2001Q2", "2001Q3", 
"2001Q4", "2002Q1", "2002Q2", "2002Q3", "2002Q4", "2003Q1", "2003Q2", 
"2003Q3", "2003Q4", "2004Q1", "2004Q2", "2004Q3", "2004Q4", "2005Q1", 
"2005Q2", "2005Q3", "2005Q4", "2006Q1", "2006Q2", "2006Q3", "2006Q4", 
"2007Q1", "2007Q2", "2007Q3", "2007Q4", "2008Q1", "2008Q2", "2008Q3", 
"2008Q4", "2009Q1", "2009Q2", "2009Q3", "2009Q4", "2010Q1", "2010Q2", 
"2010Q3", "2010Q4", "2011Q1", "2011Q2", "2011Q3", "2011Q4", "2012Q1", 
"2012Q2", "2012Q3", "2012Q4", "2013Q1", "2013Q2", "2013Q3", "2013Q4", 
"2014Q1", "2014Q2", "2014Q3", "2014Q4", "2015Q1", "2015Q2", "2015Q3", 
"2015Q4", "2016Q1", "2016Q2", "2016Q3", "2016Q4", "2017Q1", "2017Q2", 
"2017Q3", "2017Q4", "2018Q1", "2018Q2", "2018Q3", "2018Q4", "2019Q1", 
"2019Q2", "2019Q3", "2019Q4", "2020Q1", "2020Q2", "2020Q3", "2020Q4", 
"2021Q1", "2021Q2", "2021Q3", "2021Q4", "2022Q1", "2022Q2", "2022Q3"
),